{
    "10": {
        "0": {
            "cam_R_m2c": [
                [
                    1.0,
                    0.0,
                    0.0
                ],
                [
                    0.0,
                    0.4661058354279979,
                    0.8847289698998039
                ],
                [
                    0.0,
                    -0.8847289698998039,
                    0.4661058354279979
                ]
            ],
            "cam_t_m2c": [
                0.06779122416826495,
                0.6308486404669356,
                0.05
            ],
            "obj_id": 1
        }
    },
    "11": {
        "0": {
            "cam_R_m2c": [
                [
                    1.0,
                    0.0,
                    0.0
                ],
                [
                    0.0,
                    0.6773935544397469,
                    0.7356208074840499
                ],
                [
                    0.0,
                    -0.7356208074840499,
                    0.6773935544397469
                ]
            ],
            "cam_t_m2c": [
                0.23698009499703615,
                0.25107303959398036,
                0.05
            ],
            "obj_id": 1
        }
    },
    "12": {
        "0": {
            "cam_R_m2c": [
                [
                    1.0,
                    0.0,
                    0.0
                ],
                [
                    0.0,
                    -0.45392683663473876,
                    0.8910389592957084
                ],
                [
                    0.0,
                    -0.8910389592957084,
                    -0.45392683663473876
                ]
            ],
            "cam_t_m2c": [
                -0.062375890462632505,
                0.5908083746186648,
                0.05
            ],
            "obj_id": 1
        }
    },
    "13": {
        "0": {
            "cam_R_m2c": [
                [
                    1.0,
                    0.0,
                    0.0
                ],
                [
                    0.0,
                    0.6758251797138953,
                    0.7370619556486966
                ],
                [
                    0.0,
                    -0.7370619556486966,
                    0.6758251797138953
                ]
            ],
            "cam_t_m2c": [
                -0.1310011945568224,
                0.6430875518142806,
                0.05
            ],
            "obj_id": 1
        }
    },
    "14": {
        "0": {
            "cam_R_m2c": [
                [
                    1.0,
                    0.0,
                    0.0
                ],
                [
                    0.0,
                    0.7930298347376222,
                    -0.6091827978661409
                ],
                [
                    0.0,
                    0.6091827978661409,
                    0.7930298347376222
                ]
            ],
            "cam_t_m2c": [
                0.16395920827744098,
                0.6641084778936718,
                0.05
            ],
            "obj_id": 1
        }
    },
    "15": {
        "0": {
            "cam_R_m2c": [
                [
                    1.0,
                    0.0,
                    0.0
                ],
                [
                    0.0,
                    -0.965942546488547,
                    -0.25875663640421126
                ],
                [
                    0.0,
                    0.25875663640421126,
                    -0.965942546488547
                ]
            ],
            "cam_t_m2c": [
                -0.11438113907900394,
                0.6563484148626397,
                0.05
            ],
            "obj_id": 1
        }
    },
    "16": {
        "0": {
            "cam_R_m2c": [
                [
                    1.0,
                    0.0,
                    0.0
                ],
                [
                    0.0,
                    -0.3618122004431453,
                    0.9322510024722361
                ],
                [
                    0.0,
                    -0.9322510024722361,
                    -0.3618122004431453
                ]
            ],
            "cam_t_m2c": [
                -0.05462090747609981,
                0.616677298544001,
                0.05
            ],
            "obj_id": 1
        }
    },
    "17": {
        "0": {
            "cam_R_m2c": [
                [
                    1.0,
                    0.0,
                    0.0
                ],
                [
                    0.0,
                    -0.9997196850027866,
                    -0.023675967095962952
                ],
                [
                    0.0,
                    0.023675967095962952,
                    -0.9997196850027866
                ]
            ],
            "cam_t_m2c": [
                -0.12448419072440733,
                0.5972965560450315,
                0.05
            ],
            "obj_id": 1
        }
    },
    "18": {
        "0": {
            "cam_R_m2c": [
                [
                    1.0,
                    0.0,
                    0.0
                ],
                [
                    0.0,
                    -0.5798500187079194,
                    0.8147232387777003
                ],
                [
                    0.0,
                    -0.8147232387777003,
                    -0.5798500187079194
                ]
            ],
            "cam_t_m2c": [
                0.2300086081154437,
                0.7181924275398145,
                0.05
            ],
            "obj_id": 1
        }
    },
    "19": {
        "0": {
            "cam_R_m2c": [
                [
                    1.0,
                    0.0,
                    0.0
                ],
                [
                    0.0,
                    0.7306334601041239,
                    0.6827699077846618
                ],
                [
                    0.0,
                    -0.6827699077846618,
                    0.7306334601041239
                ]
            ],
            "cam_t_m2c": [
                0.09974057565175853,
                0.2608565850310241,
                0.05
            ],
            "obj_id": 1
        }
    },
    "20": {
        "0": {
            "cam_R_m2c": [
                [
                    1.0,
                    0.0,
                    0.0
                ],
                [
                    0.0,
                    0.6547173970205844,
                    0.7558737527117809
                ],
                [
                    0.0,
                    -0.7558737527117809,
                    0.6547173970205844
                ]
            ],
            "cam_t_m2c": [
                -0.1331522637205955,
                0.3100814565928135,
                0.05
            ],
            "obj_id": 1
        }
    },
    "21": {
        "0": {
            "cam_R_m2c": [
                [
                    1.0,
                    0.0,
                    0.0
                ],
                [
                    0.0,
                    0.7895826546675538,
                    -0.613644222207085
                ],
                [
                    0.0,
                    0.613644222207085,
                    0.7895826546675538
                ]
            ],
            "cam_t_m2c": [
                0.16010816075659973,
                0.7292878311380417,
                0.05
            ],
            "obj_id": 1
        }
    },
    "22": {
        "0": {
            "cam_R_m2c": [
                [
                    1.0,
                    0.0,
                    0.0
                ],
                [
                    0.0,
                    0.19865055853667862,
                    0.9800703829792357
                ],
                [
                    0.0,
                    -0.9800703829792357,
                    0.19865055853667862
                ]
            ],
            "cam_t_m2c": [
                -0.10664699179254118,
                0.30015442647725493,
                0.05
            ],
            "obj_id": 1
        }
    },
    "23": {
        "0": {
            "cam_R_m2c": [
                [
                    1.0,
                    0.0,
                    0.0
                ],
                [
                    0.0,
                    -0.9909665204732363,
                    0.13410948997430042
                ],
                [
                    0.0,
                    -0.13410948997430042,
                    -0.9909665204732363
                ]
            ],
            "cam_t_m2c": [
                0.12725416461955769,
                0.2505803676988731,
                0.05
            ],
            "obj_id": 1
        }
    },
    "24": {
        "0": {
            "cam_R_m2c": [
                [
                    1.0,
                    0.0,
                    0.0
                ],
                [
                    0.0,
                    -0.30631246740771534,
                    -0.9519310228743453
                ],
                [
                    0.0,
                    0.9519310228743453,
                    -0.30631246740771534
                ]
            ],
            "cam_t_m2c": [
                0.10766541882379772,
                0.343241235308419,
                0.05
            ],
            "obj_id": 1
        }
    },
    "25": {
        "0": {
            "cam_R_m2c": [
                [
                    1.0,
                    0.0,
                    0.0
                ],
                [
                    0.0,
                    0.6542103899551203,
                    -0.7563126110774364
                ],
                [
                    0.0,
                    0.7563126110774364,
                    0.6542103899551203
                ]
            ],
            "cam_t_m2c": [
                -0.06351220731467519,
                0.7109247311303448,
                0.05
            ],
            "obj_id": 1
        }
    },
    "26": {
        "0": {
            "cam_R_m2c": [
                [
                    1.0,
                    0.0,
                    0.0
                ],
                [
                    0.0,
                    -0.9221484067981239,
                    0.3868362907480135
                ],
                [
                    0.0,
                    -0.3868362907480135,
                    -0.9221484067981239
                ]
            ],
            "cam_t_m2c": [
                0.06945287275951724,
                0.3127655527531212,
                0.05
            ],
            "obj_id": 1
        }
    },
    "27": {
        "0": {
            "cam_R_m2c": [
                [
                    1.0,
                    0.0,
                    0.0
                ],
                [
                    0.0,
                    -0.8567507369100091,
                    0.51573071927524
                ],
                [
                    0.0,
                    -0.51573071927524,
                    -0.8567507369100091
                ]
            ],
            "cam_t_m2c": [
                -0.16323864097408763,
                0.3131125387907232,
                0.05
            ],
            "obj_id": 1
        }
    },
    "28": {
        "0": {
            "cam_R_m2c": [
                [
                    1.0,
                    0.0,
                    0.0
                ],
                [
                    0.0,
                    0.9757145660215552,
                    -0.21904585285589914
                ],
                [
                    0.0,
                    0.21904585285589914,
                    0.9757145660215552
                ]
            ],
            "cam_t_m2c": [
                -0.19755265061227084,
                0.38645930855889643,
                0.05
            ],
            "obj_id": 1
        }
    },
    "29": {
        "0": {
            "cam_R_m2c": [
                [
                    1.0,
                    0.0,
                    0.0
                ],
                [
                    0.0,
                    -0.6142713273178699,
                    -0.7890948843042529
                ],
                [
                    0.0,
                    0.7890948843042529,
                    -0.6142713273178699
                ]
            ],
            "cam_t_m2c": [
                -0.1349458950825696,
                0.26308796483407704,
                0.05
            ],
            "obj_id": 1
        }
    },
    "30": {
        "0": {
            "cam_R_m2c": [
                [
                    1.0,
                    0.0,
                    0.0
                ],
                [
                    0.0,
                    -0.43832614645759715,
                    0.8988159930328526
                ],
                [
                    0.0,
                    -0.8988159930328526,
                    -0.43832614645759715
                ]
            ],
            "cam_t_m2c": [
                0.07452972908773244,
                0.2543298376898881,
                0.05
            ],
            "obj_id": 1
        }
    },
    "31": {
        "0": {
            "cam_R_m2c": [
                [
                    1.0,
                    0.0,
                    0.0
                ],
                [
                    0.0,
                    -0.9991455960427582,
                    0.04132889919126215
                ],
                [
                    0.0,
                    -0.04132889919126215,
                    -0.9991455960427582
                ]
            ],
            "cam_t_m2c": [
                -0.19319636322705303,
                0.31804339226294537,
                0.05
            ],
            "obj_id": 1
        }
    },
    "32": {
        "0": {
            "cam_R_m2c": [
                [
                    1.0,
                    0.0,
                    0.0
                ],
                [
                    0.0,
                    -0.076400996438303,
                    -0.9970771724110599
                ],
                [
                    0.0,
                    0.9970771724110599,
                    -0.076400996438303
                ]
            ],
            "cam_t_m2c": [
                0.12964980776567592,
                0.7592131653426533,
                0.05
            ],
            "obj_id": 1
        }
    },
    "33": {
        "0": {
            "cam_R_m2c": [
                [
                    1.0,
                    0.0,
                    0.0
                ],
                [
                    0.0,
                    -0.48383476321516233,
                    0.8751593694319497
                ],
                [
                    0.0,
                    -0.8751593694319497,
                    -0.48383476321516233
                ]
            ],
            "cam_t_m2c": [
                -0.15454780452680839,
                0.6664870831494666,
                0.05
            ],
            "obj_id": 1
        }
    },
    "34": {
        "0": {
            "cam_R_m2c": [
                [
                    1.0,
                    0.0,
                    0.0
                ],
                [
                    0.0,
                    0.37999806197289765,
                    0.9249872825595181
                ],
                [
                    0.0,
                    -0.9249872825595181,
                    0.37999806197289765
                ]
            ],
            "cam_t_m2c": [
                0.1472877989837828,
                0.28539198654336073,
                0.05
            ],
            "obj_id": 1
        }
    },
    "35": {
        "0": {
            "cam_R_m2c": [
                [
                    1.0,
                    0.0,
                    0.0
                ],
                [
                    0.0,
                    -0.15745940367487662,
                    0.9875254610359939
                ],
                [
                    0.0,
                    -0.9875254610359939,
                    -0.15745940367487662
                ]
            ],
            "cam_t_m2c": [
                -0.10424403845032376,
                0.25902250153919965,
                0.05
            ],
            "obj_id": 1
        }
    },
    "36": {
        "0": {
            "cam_R_m2c": [
                [
                    1.0,
                    0.0,
                    0.0
                ],
                [
                    0.0,
                    0.5952330666233758,
                    0.8035531073912489
                ],
                [
                    0.0,
                    -0.8035531073912489,
                    0.5952330666233758
                ]
            ],
            "cam_t_m2c": [
                0.16303670532813658,
                0.25335958814676124,
                0.05
            ],
            "obj_id": 1
        }
    },
    "37": {
        "0": {
            "cam_R_m2c": [
                [
                    1.0,
                    0.0,
                    0.0
                ],
                [
                    0.0,
                    0.9998077374195767,
                    -0.019608370558175364
                ],
                [
                    0.0,
                    0.019608370558175364,
                    0.9998077374195767
                ]
            ],
            "cam_t_m2c": [
                -0.11058455340899342,
                0.3008114944767405,
                0.05
            ],
            "obj_id": 1
        }
    },
    "38": {
        "0": {
            "cam_R_m2c": [
                [
                    1.0,
                    0.0,
                    0.0
                ],
                [
                    0.0,
                    -0.3083659086834297,
                    -0.9512678205226133
                ],
                [
                    0.0,
                    0.9512678205226133,
                    -0.3083659086834297
                ]
            ],
            "cam_t_m2c": [
                0.1866436696488485,
                0.35025783360229634,
                0.05
            ],
            "obj_id": 1
        }
    },
    "39": {
        "0": {
            "cam_R_m2c": [
                [
                    1.0,
                    0.0,
                    0.0
                ],
                [
                    0.0,
                    0.9841748744407033,
                    -0.17719993374611015
                ],
                [
                    0.0,
                    0.17719993374611015,
                    0.9841748744407033
                ]
            ],
            "cam_t_m2c": [
                0.10522835288606908,
                0.38772833469902035,
                0.05
            ],
            "obj_id": 1
        }
    },
    "40": {
        "0": {
            "cam_R_m2c": [
                [
                    1.0,
                    0.0,
                    0.0
                ],
                [
                    0.0,
                    0.010983192315446819,
                    -0.9999396829242061
                ],
                [
                    0.0,
                    0.9999396829242061,
                    0.010983192315446819
                ]
            ],
            "cam_t_m2c": [
                0.24873445311531667,
                0.7311599482419512,
                0.05
            ],
            "obj_id": 1
        }
    },
    "41": {
        "0": {
            "cam_R_m2c": [
                [
                    1.0,
                    0.0,
                    0.0
                ],
                [
                    0.0,
                    0.5501500583530577,
                    0.8350658137501062
                ],
                [
                    0.0,
                    -0.8350658137501062,
                    0.5501500583530577
                ]
            ],
            "cam_t_m2c": [
                -0.18516898377513336,
                0.253324402627523,
                0.05
            ],
            "obj_id": 1
        }
    },
    "42": {
        "0": {
            "cam_R_m2c": [
                [
                    1.0,
                    0.0,
                    0.0
                ],
                [
                    0.0,
                    0.5632342705842354,
                    -0.8262972567057477
                ],
                [
                    0.0,
                    0.8262972567057477,
                    0.5632342705842354
                ]
            ],
            "cam_t_m2c": [
                -0.1721610260965094,
                0.5987435742772446,
                0.05
            ],
            "obj_id": 1
        }
    },
    "43": {
        "0": {
            "cam_R_m2c": [
                [
                    1.0,
                    0.0,
                    0.0
                ],
                [
                    0.0,
                    -0.4546736377191322,
                    -0.8906581180022172
                ],
                [
                    0.0,
                    0.8906581180022172,
                    -0.4546736377191322
                ]
            ],
            "cam_t_m2c": [
                -0.07125464957070918,
                0.2519626926401562,
                0.05
            ],
            "obj_id": 1
        }
    },
    "44": {
        "0": {
            "cam_R_m2c": [
                [
                    1.0,
                    0.0,
                    0.0
                ],
                [
                    0.0,
                    0.1756679100805152,
                    -0.9844494834007198
                ],
                [
                    0.0,
                    0.9844494834007198,
                    0.1756679100805152
                ]
            ],
            "cam_t_m2c": [
                -0.0683420943626252,
                0.2880874125458524,
                0.05
            ],
            "obj_id": 1
        }
    },
    "45": {
        "0": {
            "cam_R_m2c": [
                [
                    1.0,
                    0.0,
                    0.0
                ],
                [
                    0.0,
                    -0.9247404930861158,
                    -0.38059824020461164
                ],
                [
                    0.0,
                    0.38059824020461164,
                    -0.9247404930861158
                ]
            ],
            "cam_t_m2c": [
                0.05102676191907618,
                0.5980128383888719,
                0.05
            ],
            "obj_id": 1
        }
    },
    "46": {
        "0": {
            "cam_R_m2c": [
                [
                    1.0,
                    0.0,
                    0.0
                ],
                [
                    0.0,
                    0.2390119628764596,
                    0.971016622721744
                ],
                [
                    0.0,
                    -0.971016622721744,
                    0.2390119628764596
                ]
            ],
            "cam_t_m2c": [
                -0.1956030177465169,
                0.7831027348311805,
                0.05
            ],
            "obj_id": 1
        }
    },
    "47": {
        "0": {
            "cam_R_m2c": [
                [
                    1.0,
                    0.0,
                    0.0
                ],
                [
                    0.0,
                    -0.7659322972752769,
                    0.6429212362261935
                ],
                [
                    0.0,
                    -0.6429212362261935,
                    -0.7659322972752769
                ]
            ],
            "cam_t_m2c": [
                0.1012507792373427,
                0.7283750849111357,
                0.05
            ],
            "obj_id": 1
        }
    },
    "48": {
        "0": {
            "cam_R_m2c": [
                [
                    1.0,
                    0.0,
                    0.0
                ],
                [
                    0.0,
                    -0.3080747474008755,
                    -0.9513621550250392
                ],
                [
                    0.0,
                    0.9513621550250392,
                    -0.3080747474008755
                ]
            ],
            "cam_t_m2c": [
                0.08720086208082986,
                0.7433145838727794,
                0.05
            ],
            "obj_id": 1
        }
    },
    "49": {
        "0": {
            "cam_R_m2c": [
                [
                    1.0,
                    0.0,
                    0.0
                ],
                [
                    0.0,
                    -0.23640334515071298,
                    0.9716550099709016
                ],
                [
                    0.0,
                    -0.9716550099709016,
                    -0.23640334515071298
                ]
            ],
            "cam_t_m2c": [
                -0.1906828326389104,
                0.3002447544667983,
                0.05
            ],
            "obj_id": 1
        }
    },
    "50": {
        "0": {
            "cam_R_m2c": [
                [
                    1.0,
                    0.0,
                    0.0
                ],
                [
                    0.0,
                    -0.816246462868321,
                    -0.5777038271077617
                ],
                [
                    0.0,
                    0.5777038271077617,
                    -0.816246462868321
                ]
            ],
            "cam_t_m2c": [
                -0.0757582255569858,
                0.6222711792387958,
                0.05
            ],
            "obj_id": 1
        }
    },
    "51": {
        "0": {
            "cam_R_m2c": [
                [
                    1.0,
                    0.0,
                    0.0
                ],
                [
                    0.0,
                    0.9024120410322923,
                    -0.43087412106081796
                ],
                [
                    0.0,
                    0.43087412106081796,
                    0.9024120410322923
                ]
            ],
            "cam_t_m2c": [
                -0.14488005098243623,
                0.6396620435597644,
                0.05
            ],
            "obj_id": 1
        }
    },
    "52": {
        "0": {
            "cam_R_m2c": [
                [
                    1.0,
                    0.0,
                    0.0
                ],
                [
                    0.0,
                    -0.25644963104026225,
                    0.9665575961831314
                ],
                [
                    0.0,
                    -0.9665575961831314,
                    -0.25644963104026225
                ]
            ],
            "cam_t_m2c": [
                -0.09887564586350181,
                0.37816309844647655,
                0.05
            ],
            "obj_id": 1
        }
    },
    "53": {
        "0": {
            "cam_R_m2c": [
                [
                    1.0,
                    0.0,
                    0.0
                ],
                [
                    0.0,
                    -0.7119047098163265,
                    -0.7022760740202758
                ],
                [
                    0.0,
                    0.7022760740202758,
                    -0.7119047098163265
                ]
            ],
            "cam_t_m2c": [
                -0.09985940465139555,
                0.27364906728390515,
                0.05
            ],
            "obj_id": 1
        }
    },
    "54": {
        "0": {
            "cam_R_m2c": [
                [
                    1.0,
                    0.0,
                    0.0
                ],
                [
                    0.0,
                    -0.40924273215563706,
                    -0.9124255510329539
                ],
                [
                    0.0,
                    0.9124255510329539,
                    -0.40924273215563706
                ]
            ],
            "cam_t_m2c": [
                0.17145116198355415,
                0.3297145149900501,
                0.05
            ],
            "obj_id": 1
        }
    },
    "55": {
        "0": {
            "cam_R_m2c": [
                [
                    1.0,
                    0.0,
                    0.0
                ],
                [
                    0.0,
                    0.7598966142741002,
                    -0.6500439489871123
                ],
                [
                    0.0,
                    0.6500439489871123,
                    0.7598966142741002
                ]
            ],
            "cam_t_m2c": [
                0.12543452034835578,
                0.664478639536054,
                0.05
            ],
            "obj_id": 1
        }
    },
    "56": {
        "0": {
            "cam_R_m2c": [
                [
                    1.0,
                    0.0,
                    0.0
                ],
                [
                    0.0,
                    0.6284094985762377,
                    -0.7778827045892982
                ],
                [
                    0.0,
                    0.7778827045892982,
                    0.6284094985762377
                ]
            ],
            "cam_t_m2c": [
                -0.1276850921390894,
                0.7971562358096763,
                0.05
            ],
            "obj_id": 1
        }
    },
    "57": {
        "0": {
            "cam_R_m2c": [
                [
                    1.0,
                    0.0,
                    0.0
                ],
                [
                    0.0,
                    -0.03149811407055834,
                    0.9995038113033877
                ],
                [
                    0.0,
                    -0.9995038113033877,
                    -0.03149811407055834
                ]
            ],
            "cam_t_m2c": [
                0.21593740135731182,
                0.26547131110609934,
                0.05
            ],
            "obj_id": 1
        }
    },
    "58": {
        "0": {
            "cam_R_m2c": [
                [
                    1.0,
                    0.0,
                    0.0
                ],
                [
                    0.0,
                    0.9586282552067295,
                    0.28466097083952613
                ],
                [
                    0.0,
                    -0.28466097083952613,
                    0.9586282552067295
                ]
            ],
            "cam_t_m2c": [
                0.20430843462714104,
                0.3403173022669979,
                0.05
            ],
            "obj_id": 1
        }
    },
    "59": {
        "0": {
            "cam_R_m2c": [
                [
                    1.0,
                    0.0,
                    0.0
                ],
                [
                    0.0,
                    -0.9594931421937716,
                    -0.2817319827125115
                ],
                [
                    0.0,
                    0.2817319827125115,
                    -0.9594931421937716
                ]
            ],
            "cam_t_m2c": [
                0.18961150716305625,
                0.6866667219808493,
                0.05
            ],
            "obj_id": 1
        }
    },
    "60": {
        "0": {
            "cam_R_m2c": [
                [
                    1.0,
                    0.0,
                    0.0
                ],
                [
                    0.0,
                    0.4025079223402636,
                    -0.9154165021744607
                ],
                [
                    0.0,
                    0.9154165021744607,
                    0.4025079223402636
                ]
            ],
            "cam_t_m2c": [
                0.20776572750137567,
                0.6549980447896948,
                0.05
            ],
            "obj_id": 1
        }
    },
    "61": {
        "0": {
            "cam_R_m2c": [
                [
                    1.0,
                    0.0,
                    0.0
                ],
                [
                    0.0,
                    -0.3579499188882203,
                    0.9337407860685515
                ],
                [
                    0.0,
                    -0.9337407860685515,
                    -0.3579499188882203
                ]
            ],
            "cam_t_m2c": [
                0.16818121312092987,
                0.2950716383294249,
                0.05
            ],
            "obj_id": 1
        }
    },
    "62": {
        "0": {
            "cam_R_m2c": [
                [
                    1.0,
                    0.0,
                    0.0
                ],
                [
                    0.0,
                    -0.8996300491825703,
                    -0.43665292236256276
                ],
                [
                    0.0,
                    0.43665292236256276,
                    -0.8996300491825703
                ]
            ],
            "cam_t_m2c": [
                -0.1603074676229868,
                0.3537432784251762,
                0.05
            ],
            "obj_id": 1
        }
    },
    "63": {
        "0": {
            "cam_R_m2c": [
                [
                    1.0,
                    0.0,
                    0.0
                ],
                [
                    0.0,
                    0.5334892340100141,
                    0.845806855727363
                ],
                [
                    0.0,
                    -0.845806855727363,
                    0.5334892340100141
                ]
            ],
            "cam_t_m2c": [
                -0.06896673162917671,
                0.2906774922075492,
                0.05
            ],
            "obj_id": 1
        }
    },
    "64": {
        "0": {
            "cam_R_m2c": [
                [
                    1.0,
                    0.0,
                    0.0
                ],
                [
                    0.0,
                    -0.9444226709297147,
                    0.328733659113246
                ],
                [
                    0.0,
                    -0.328733659113246,
                    -0.9444226709297147
                ]
            ],
            "cam_t_m2c": [
                0.11233918550547822,
                0.5860324329425125,
                0.05
            ],
            "obj_id": 1
        }
    },
    "65": {
        "0": {
            "cam_R_m2c": [
                [
                    1.0,
                    0.0,
                    0.0
                ],
                [
                    0.0,
                    -0.7192939637911556,
                    0.6947058324597596
                ],
                [
                    0.0,
                    -0.6947058324597596,
                    -0.7192939637911556
                ]
            ],
            "cam_t_m2c": [
                -0.12702145079610788,
                0.6152185779654986,
                0.05
            ],
            "obj_id": 1
        }
    },
    "66": {
        "0": {
            "cam_R_m2c": [
                [
                    1.0,
                    0.0,
                    0.0
                ],
                [
                    0.0,
                    -0.6083289596550765,
                    0.7936849985006471
                ],
                [
                    0.0,
                    -0.7936849985006471,
                    -0.6083289596550765
                ]
            ],
            "cam_t_m2c": [
                0.15100173300887257,
                0.2724022216739649,
                0.05
            ],
            "obj_id": 1
        }
    },
    "67": {
        "0": {
            "cam_R_m2c": [
                [
                    1.0,
                    0.0,
                    0.0
                ],
                [
                    0.0,
                    0.3593735112425924,
                    -0.9331938059252056
                ],
                [
                    0.0,
                    0.9331938059252056,
                    0.3593735112425924
                ]
            ],
            "cam_t_m2c": [
                -0.189967051566724,
                0.37305177100665193,
                0.05
            ],
            "obj_id": 1
        }
    },
    "68": {
        "0": {
            "cam_R_m2c": [
                [
                    1.0,
                    0.0,
                    0.0
                ],
                [
                    0.0,
                    -0.7216241771599864,
                    -0.6922850185712331
                ],
                [
                    0.0,
                    0.6922850185712331,
                    -0.7216241771599864
                ]
            ],
            "cam_t_m2c": [
                -0.08928284122319102,
                0.7314635671799695,
                0.05
            ],
            "obj_id": 1
        }
    },
    "69": {
        "0": {
            "cam_R_m2c": [
                [
                    1.0,
                    0.0,
                    0.0
                ],
                [
                    0.0,
                    -0.14916684061369015,
                    -0.9888120416243574
                ],
                [
                    0.0,
                    0.9888120416243574,
                    -0.14916684061369015
                ]
            ],
            "cam_t_m2c": [
                -0.14032771846521797,
                0.3618245960122891,
                0.05
            ],
            "obj_id": 1
        }
    },
    "70": {
        "0": {
            "cam_R_m2c": [
                [
                    1.0,
                    0.0,
                    0.0
                ],
                [
                    0.0,
                    0.8651394278507468,
                    -0.501531425115199
                ],
                [
                    0.0,
                    0.501531425115199,
                    0.8651394278507468
                ]
            ],
            "cam_t_m2c": [
                0.1686871221572207,
                0.6640850048723834,
                0.05
            ],
            "obj_id": 1
        }
    },
    "71": {
        "0": {
            "cam_R_m2c": [
                [
                    1.0,
                    0.0,
                    0.0
                ],
                [
                    0.0,
                    -0.9168322946638227,
                    0.3992725177888774
                ],
                [
                    0.0,
                    -0.3992725177888774,
                    -0.9168322946638227
                ]
            ],
            "cam_t_m2c": [
                -0.10660013074900627,
                0.5532054287838342,
                0.05
            ],
            "obj_id": 1
        }
    },
    "72": {
        "0": {
            "cam_R_m2c": [
                [
                    1.0,
                    0.0,
                    0.0
                ],
                [
                    0.0,
                    -0.4030255546802561,
